   0.25  0.732  1.33E+01 5.31E+01 5.31E+01 3.63E+00 6.52E+00 8.20E+00 8.53E+00 7.76E+00 6.31E+00 4.64E+00 3.12E+00 1.92E+00 1.09E+00 5.71E-01 2.76E-01 1.23E-01 5.11E-02 1.96E-02 6.99E-03 2.31E-03 7.09E-04 2.02E-04 5.35E-05 1.32E-05 3.01E-06 6.40E-07 1.27E-07 2.33E-08 3.98E-09 6.34E-10 9.39E-11 1.29E-11 1.66E-12 
   0.50  0.732  3.45E+01 8.49E+01 8.49E+01 5.04E+00 9.19E+00 1.18E+01 1.27E+01 1.21E+01 1.04E+01 8.13E+00 5.87E+00 3.93E+00 2.44E+00 1.41E+00 7.63E-01 3.85E-01 1.81E-01 8.01E-02 3.31E-02 1.28E-02 4.65E-03 1.58E-03 5.06E-04 1.52E-04 4.27E-05 1.13E-05 2.79E-06 6.50E-07 1.42E-07 2.92E-08 5.63E-09 1.02E-09 1.74E-10 
   0.75  0.343  9.87E+01 2.57E+02 2.57E+02 1.34E+01 2.48E+01 3.25E+01 3.59E+01 3.52E+01 3.15E+01 2.59E+01 1.97E+01 1.40E+01 9.36E+00 5.85E+00 3.43E+00 1.90E+00 9.88E-01 4.85E-01 2.25E-01 9.81E-02 4.05E-02 1.58E-02 5.81E-03 2.02E-03 6.66E-04 2.07E-04 6.11E-05 1.70E-05 4.48E-06 1.12E-06 2.63E-07 5.88E-08 1.24E-08 
   1.00  0.313  2.27E+02 5.15E+02 5.15E+02 2.42E+01 4.50E+01 5.99E+01 6.74E+01 6.79E+01 6.25E+01 5.34E+01 4.25E+01 3.18E+01 2.24E+01 1.49E+01 9.32E+00 5.53E+00 3.11E+00 1.66E+00 8.41E-01 4.04E-01 1.84E-01 7.99E-02 3.29E-02 1.29E-02 4.81E-03 1.70E-03 5.74E-04 1.84E-04 5.61E-05 1.63E-05 4.50E-06 1.18E-06 2.97E-07 
   1.25  0.475  4.30E+02 8.09E+02 8.09E+02 3.44E+01 6.45E+01 8.67E+01 9.93E+01 1.02E+02 9.65E+01 8.49E+01 7.00E+01 5.44E+01 4.00E+01 2.79E+01 1.85E+01 1.16E+01 6.96E+00 3.97E+00 2.16E+00 1.12E+00 5.55E-01 2.62E-01 1.18E-01 5.10E-02 2.10E-02 8.25E-03 3.10E-03 1.11E-03 3.83E-04 1.26E-04 3.94E-05 1.18E-05 3.40E-06 
   1.50  0.401  8.60E+02 1.72E+03 1.72E+03 6.69E+01 1.26E+02 1.71E+02 1.99E+02 2.08E+02 2.01E+02 1.81E+02 1.54E+02 1.23E+02 9.41E+01 6.83E+01 4.72E+01 3.12E+01 1.97E+01 1.19E+01 6.84E+00 3.78E+00 2.00E+00 1.01E+00 4.93E-01 2.30E-01 1.03E-01 4.40E-02 1.81E-02 7.14E-03 2.70E-03 9.83E-04 3.43E-04 1.15E-04 3.69E-05 
   1.75  0.370  1.62E+03 3.04E+03 3.04E+03 1.09E+02 2.06E+02 2.82E+02 3.31E+02 3.51E+02 3.45E+02 3.17E+02 2.76E+02 2.28E+02 1.79E+02 1.34E+02 9.65E+01 6.63E+01 4.37E+01 2.76E+01 1.67E+01 9.75E+00 5.46E+00 2.94E+00 1.52E+00 7.56E-01 3.62E-01 1.67E-01 7.40E-02 3.16E-02 1.30E-02 5.13E-03 1.95E-03 7.17E-04 2.53E-04 
   2.00  0.439  3.03E+03 5.63E+03 5.63E+03 1.86E+02 3.55E+02 4.89E+02 5.79E+02 6.22E+02 6.20E+02 5.82E+02 5.16E+02 4.36E+02 3.52E+02 2.72E+02 2.01E+02 1.43E+02 9.77E+01 6.42E+01 4.06E+01 2.48E+01 1.45E+01 8.23E+00 4.49E+00 2.36E+00 1.20E+00 5.88E-01 2.78E-01 1.27E-01 5.58E-02 2.37E-02 9.75E-03 3.86E-03 1.48E-03 
   2.25  0.376  5.79E+03 1.11E+04 1.11E+04 3.41E+02 6.51E+02 9.03E+02 1.08E+03 1.17E+03 1.18E+03 1.13E+03 1.02E+03 8.77E+02 7.23E+02 5.73E+02 4.36E+02 3.19E+02 2.25E+02 1.53E+02 1.00E+02 6.36E+01 3.89E+01 2.30E+01 1.31E+01 7.25E+00 3.87E+00 2.00E+00 9.99E-01 4.83E-01 2.26E-01 1.02E-01 4.47E-02 1.90E-02 7.78E-03 
   2.50  0.403  1.10E+04 2.10E+04 2.10E+04 6.05E+02 1.16E+03 1.61E+03 1.94E+03 2.13E+03 2.17E+03 2.10E+03 1.92E+03 1.69E+03 1.42E+03 1.15E+03 8.93E+02 6.71E+02 4.86E+02 3.41E+02 2.31E+02 1.51E+02 9.58E+01 5.88E+01 3.50E+01 2.01E+01 1.12E+01 6.07E+00 3.18E+00 1.62E+00 7.96E-01 3.80E-01 1.76E-01 7.92E-02 3.45E-02 
   2.75  0.378  2.07E+04 3.86E+04 3.86E+04 1.05E+03 2.01E+03 2.82E+03 3.41E+03 3.77E+03 3.88E+03 3.79E+03 3.52E+03 3.14E+03 2.68E+03 2.21E+03 1.76E+03 1.35E+03 1.00E+03 7.21E+02 5.02E+02 3.39E+02 2.22E+02 1.41E+02 8.65E+01 5.17E+01 3.00E+01 1.69E+01 9.22E+00 4.90E+00 2.52E+00 1.26E+00 6.15E-01 2.91E-01 1.34E-01 
   3.00  0.407  3.90E+04 7.33E+04 7.33E+04 1.88E+03 3.61E+03 5.08E+03 6.18E+03 6.87E+03 7.15E+03 7.05E+03 6.63E+03 5.99E+03 5.20E+03 4.36E+03 3.53E+03 2.76E+03 2.10E+03 1.54E+03 1.10E+03 7.62E+02 5.13E+02 3.35E+02 2.13E+02 1.31E+02 7.87E+01 4.59E+01 2.61E+01 1.44E+01 7.72E+00 4.03E+00 2.05E+00 1.01E+00 4.88E-01 
   3.25  0.434  7.14E+04 1.30E+05 1.30E+05 3.14E+03 6.06E+03 8.54E+03 1.05E+04 1.17E+04 1.23E+04 1.22E+04 1.16E+04 1.06E+04 9.33E+03 7.94E+03 6.53E+03 5.21E+03 4.03E+03 3.02E+03 2.21E+03 1.56E+03 1.08E+03 7.23E+02 4.72E+02 3.00E+02 1.85E+02 1.12E+02 6.55E+01 3.74E+01 2.08E+01 1.13E+01 5.96E+00 3.07E+00 1.54E+00 
   3.50  0.390  1.34E+05 2.48E+05 2.48E+05 5.71E+03 1.10E+04 1.56E+04 1.92E+04 2.16E+04 2.28E+04 2.29E+04 2.19E+04 2.03E+04 1.80E+04 1.56E+04 1.30E+04 1.05E+04 8.28E+03 6.33E+03 4.71E+03 3.41E+03 2.40E+03 1.65E+03 1.10E+03 7.19E+02 4.57E+02 2.83E+02 1.71E+02 1.01E+02 5.80E+01 3.25E+01 1.78E+01 9.50E+00 4.95E+00 
   3.75  0.390  2.50E+05 4.67E+05 4.67E+05 1.02E+04 1.98E+04 2.81E+04 3.46E+04 3.92E+04 4.17E+04 4.21E+04 4.08E+04 3.80E+04 3.42E+04 2.98E+04 2.52E+04 2.07E+04 1.66E+04 1.29E+04 9.76E+03 7.20E+03 5.18E+03 3.63E+03 2.48E+03 1.66E+03 1.08E+03 6.86E+02 4.26E+02 2.58E+02 1.53E+02 8.83E+01 4.98E+01 2.75E+01 1.48E+01 
   4.00  0.390  4.74E+05 8.95E+05 8.95E+05 1.87E+04 3.62E+04 5.15E+04 6.37E+04 7.24E+04 7.74E+04 7.88E+04 7.69E+04 7.23E+04 6.57E+04 5.80E+04 4.96E+04 4.13E+04 3.35E+04 2.64E+04 2.03E+04 1.53E+04 1.12E+04 7.98E+03 5.57E+03 3.80E+03 2.53E+03 1.65E+03 1.05E+03 6.50E+02 3.95E+02 2.35E+02 1.36E+02 7.75E+01 4.30E+01 
   4.25  0.390  8.95E+05 1.68E+06 1.68E+06 3.36E+04 6.52E+04 9.29E+04 1.15E+05 1.32E+05 1.42E+05 1.45E+05 1.42E+05 1.35E+05 1.24E+05 1.10E+05 9.55E+04 8.05E+04 6.60E+04 5.28E+04 4.12E+04 3.14E+04 2.34E+04 1.70E+04 1.21E+04 8.41E+03 5.71E+03 3.80E+03 2.47E+03 1.57E+03 9.78E+02 5.95E+02 3.55E+02 2.07E+02 1.18E+02 
   4.50  0.390  1.70E+06 3.22E+06 3.22E+06 6.15E+04 1.20E+05 1.71E+05 2.13E+05 2.44E+05 2.64E+05 2.71E+05 2.68E+05 2.56E+05 2.37E+05 2.13E+05 1.86E+05 1.59E+05 1.32E+05 1.07E+05 8.44E+04 6.52E+04 4.93E+04 3.64E+04 2.63E+04 1.86E+04 1.29E+04 8.74E+03 5.80E+03 3.77E+03 2.40E+03 1.49E+03 9.12E+02 5.45E+02 3.19E+02 
   4.75  0.390  3.22E+06 6.07E+06 6.07E+06 1.11E+05 2.16E+05 3.10E+05 3.87E+05 4.45E+05 4.83E+05 4.99E+05 4.97E+05 4.78E+05 4.45E+05 4.04E+05 3.56E+05 3.06E+05 2.57E+05 2.10E+05 1.69E+05 1.32E+05 1.01E+05 7.59E+04 5.57E+04 4.01E+04 2.82E+04 1.95E+04 1.31E+04 8.71E+03 5.65E+03 3.60E+03 2.24E+03 1.37E+03 8.24E+02 
   5.00  0.390  6.12E+06 1.16E+07 1.16E+07 2.04E+05 3.98E+05 5.71E+05 7.16E+05 8.26E+05 8.99E+05 9.35E+05 9.35E+05 9.05E+05 8.49E+05 7.75E+05 6.90E+05 5.98E+05 5.07E+05 4.20E+05 3.40E+05 2.70E+05 2.09E+05 1.59E+05 1.19E+05 8.65E+04 6.19E+04 4.34E+04 2.98E+04 2.01E+04 1.33E+04 8.63E+03 5.49E+03 3.43E+03 2.10E+03 
   5.50  0.390  2.71E+07 4.19E+07 4.19E+07 6.83E+05 1.33E+06 1.92E+06 2.42E+06 2.81E+06 3.07E+06 3.22E+06 3.26E+06 3.19E+06 3.03E+06 2.80E+06 2.53E+06 2.23E+06 1.92E+06 1.62E+06 1.34E+06 1.09E+06 8.63E+05 6.72E+05 5.13E+05 3.85E+05 2.83E+05 2.04E+05 1.45E+05 1.01E+05 6.89E+04 4.63E+04 3.05E+04 1.98E+04 1.26E+04 
   6.00  0.390  1.03E+08 1.51E+08 1.51E+08 2.30E+06 4.49E+06 6.48E+06 8.19E+06 9.55E+06 1.05E+07 1.11E+07 1.13E+07 1.12E+07 1.08E+07 1.01E+07 9.21E+06 8.24E+06 7.21E+06 6.19E+06 5.20E+06 4.29E+06 3.48E+06 2.76E+06 2.16E+06 1.65E+06 1.25E+06 9.22E+05 6.71E+05 4.80E+05 3.38E+05 2.34E+05 1.59E+05 1.06E+05 7.00E+04 
   6.50  0.390  3.75E+08 5.44E+08 5.44E+08 7.75E+06 1.52E+07 2.20E+07 2.78E+07 3.26E+07 3.62E+07 3.85E+07 3.95E+07 3.93E+07 3.81E+07 3.60E+07 3.33E+07 3.02E+07 2.68E+07 2.33E+07 1.99E+07 1.67E+07 1.37E+07 1.11E+07 8.85E+06 6.92E+06 5.33E+06 4.03E+06 3.00E+06 2.20E+06 1.59E+06 1.13E+06 7.87E+05 5.42E+05 3.67E+05 
   7.00  0.390  1.35E+09 1.96E+09 1.96E+09 2.63E+07 5.15E+07 7.47E+07 9.50E+07 1.12E+08 1.25E+08 1.33E+08 1.37E+08 1.38E+08 1.35E+08 1.29E+08 1.20E+08 1.10E+08 9.87E+07 8.70E+07 7.53E+07 6.40E+07 5.35E+07 4.40E+07 3.56E+07 2.84E+07 2.22E+07 1.71E+07 1.30E+07 9.75E+06 7.19E+06 5.22E+06 3.74E+06 2.63E+06 1.83E+06 
   7.50  0.390  4.89E+09 7.07E+09 7.07E+09 8.94E+07 1.75E+08 2.55E+08 3.25E+08 3.84E+08 4.29E+08 4.61E+08 4.79E+08 4.83E+08 4.76E+08 4.58E+08 4.32E+08 3.99E+08 3.62E+08 3.22E+08 2.82E+08 2.43E+08 2.06E+08 1.72E+08 1.41E+08 1.14E+08 9.09E+07 7.14E+07 5.52E+07 4.21E+07 3.16E+07 2.35E+07 1.71E+07 1.23E+07 8.77E+06 
   8.00  0.390  1.76E+10 2.55E+10 2.55E+10 3.05E+08 5.99E+08 8.72E+08 1.11E+09 1.32E+09 1.48E+09 1.60E+09 1.67E+09 1.70E+09 1.68E+09 1.63E+09 1.55E+09 1.44E+09 1.32E+09 1.19E+09 1.05E+09 9.15E+08 7.84E+08 6.62E+08 5.51E+08 4.52E+08 3.66E+08 2.91E+08 2.29E+08 1.78E+08 1.36E+08 1.03E+08 7.64E+07 5.61E+07 4.07E+07 
   8.50  0.390  6.35E+10 9.18E+10 9.18E+10 1.04E+09 2.05E+09 2.99E+09 3.83E+09 4.55E+09 5.13E+09 5.55E+09 5.82E+09 5.95E+09 5.93E+09 5.78E+09 5.53E+09 5.19E+09 4.79E+09 4.35E+09 3.89E+09 3.42E+09 2.96E+09 2.53E+09 2.13E+09 1.77E+09 1.45E+09 1.17E+09 9.35E+08 7.36E+08 5.72E+08 4.39E+08 3.32E+08 2.48E+08 1.83E+08 
   9.00  0.390  2.29E+11 3.31E+11 3.31E+11 3.58E+09 7.05E+09 1.03E+10 1.32E+10 1.57E+10 1.78E+10 1.93E+10 2.03E+10 2.09E+10 2.09E+10 2.05E+10 1.97E+10 1.87E+10 1.73E+10 1.59E+10 1.43E+10 1.27E+10 1.11E+10 9.59E+09 8.17E+09 6.86E+09 5.69E+09 4.65E+09 3.76E+09 3.00E+09 2.36E+09 1.84E+09 1.41E+09 1.07E+09 8.06E+08 
   9.50  0.390  8.25E+11 1.19E+12 1.19E+12 1.23E+10 2.42E+10 3.54E+10 4.56E+10 5.44E+10 6.16E+10 6.72E+10 7.10E+10 7.32E+10 7.37E+10 7.27E+10 7.03E+10 6.69E+10 6.26E+10 5.77E+10 5.24E+10 4.69E+10 4.14E+10 3.61E+10 3.10E+10 2.63E+10 2.21E+10 1.83E+10 1.49E+10 1.21E+10 9.63E+09 7.60E+09 5.92E+09 4.56E+09 3.47E+09 
  10.00  0.390  2.97E+12 4.30E+12 4.30E+12 4.24E+10 8.36E+10 1.22E+11 1.58E+11 1.88E+11 2.14E+11 2.34E+11 2.48E+11 2.57E+11 2.60E+11 2.57E+11 2.50E+11 2.40E+11 2.26E+11 2.09E+11 1.92E+11 1.73E+11 1.54E+11 1.35E+11 1.17E+11 1.00E+11 8.50E+10 7.11E+10 5.87E+10 4.80E+10 3.87E+10 3.09E+10 2.44E+10 1.91E+10 1.47E+10 
  11.00  0.390  5.88E+13 5.58E+13 5.58E+13 5.07E+11 1.00E+12 1.47E+12 1.89E+12 2.27E+12 2.59E+12 2.85E+12 3.04E+12 3.17E+12 3.23E+12 3.22E+12 3.17E+12 3.06E+12 2.92E+12 2.74E+12 2.53E+12 2.32E+12 2.09E+12 1.86E+12 1.64E+12 1.43E+12 1.23E+12 1.05E+12 8.84E+11 7.36E+11 6.07E+11 4.95E+11 3.99E+11 3.19E+11 2.52E+11 
  12.00  0.390  7.84E+14 7.25E+14 7.25E+14 6.09E+12 1.20E+13 1.77E+13 2.29E+13 2.75E+13 3.15E+13 3.48E+13 3.74E+13 3.91E+13 4.01E+13 4.04E+13 4.00E+13 3.90E+13 3.75E+13 3.55E+13 3.32E+13 3.07E+13 2.81E+13 2.53E+13 2.26E+13 2.00E+13 1.75E+13 1.51E+13 1.29E+13 1.10E+13 9.18E+12 7.63E+12 6.27E+12 5.11E+12 4.12E+12 
  13.00  0.390  1.02E+16 9.42E+15 9.42E+15 7.36E+13 1.45E+14 2.14E+14 2.78E+14 3.35E+14 3.85E+14 4.27E+14 4.60E+14 4.84E+14 4.99E+14 5.06E+14 5.04E+14 4.95E+14 4.79E+14 4.58E+14 4.33E+14 4.04E+14 3.73E+14 3.41E+14 3.08E+14 2.75E+14 2.43E+14 2.13E+14 1.85E+14 1.59E+14 1.35E+14 1.14E+14 9.54E+13 7.90E+13 6.49E+13 
  14.00  0.390  1.33E+17 1.22E+17 1.22E+17 8.94E+14 1.77E+15 2.60E+15 3.38E+15 4.09E+15 4.72E+15 5.25E+15 5.68E+15 6.00E+15 6.22E+15 6.33E+15 6.35E+15 6.28E+15 6.12E+15 5.90E+15 5.61E+15 5.28E+15 4.92E+15 4.54E+15 4.14E+15 3.74E+15 3.34E+15 2.96E+15 2.60E+15 2.27E+15 1.95E+15 1.67E+15 1.42E+15 1.19E+15 9.92E+14 
  15.00  0.390  1.72E+18 1.59E+18 1.59E+18 1.09E+16 2.16E+16 3.18E+16 4.14E+16 5.02E+16 5.80E+16 6.47E+16 7.02E+16 7.45E+16 7.75E+16 7.93E+16 8.00E+16 7.95E+16 7.80E+16 7.56E+16 7.25E+16 6.88E+16 6.45E+16 6.00E+16 5.52E+16 5.03E+16 4.55E+16 4.07E+16 3.61E+16 3.18E+16 2.77E+16 2.40E+16 2.06E+16 1.75E+16 1.48E+16 
  16.00  0.390  2.24E+19 2.06E+19 2.06E+19 1.33E+17 2.64E+17 3.90E+17 5.09E+17 6.17E+17 7.15E+17 8.00E+17 8.70E+17 9.27E+17 9.68E+17 9.95E+17 1.01E+18 1.01E+18 9.93E+17 9.68E+17 9.34E+17 8.91E+17 8.42E+17 7.89E+17 7.31E+17 6.72E+17 6.13E+17 5.53E+17 4.96E+17 4.41E+17 3.88E+17 3.39E+17 2.95E+17 2.54E+17 2.17E+17 
  17.00  0.390  2.90E+20 2.68E+20 2.68E+20 1.64E+18 3.25E+18 4.80E+18 6.26E+18 7.62E+18 8.84E+18 9.91E+18 1.08E+19 1.15E+19 1.21E+19 1.25E+19 1.27E+19 1.27E+19 1.26E+19 1.24E+19 1.20E+19 1.15E+19 1.10E+19 1.03E+19 9.64E+18 8.93E+18 8.20E+18 7.46E+18 6.74E+18 6.04E+18 5.37E+18 4.74E+18 4.16E+18 3.61E+18 3.12E+18 
  18.00  0.390  3.77E+21 3.48E+21 3.48E+21 2.02E+19 4.00E+19 5.92E+19 7.73E+19 9.42E+19 1.09E+20 1.23E+20 1.35E+20 1.44E+20 1.51E+20 1.57E+20 1.60E+20 1.61E+20 1.60E+20 1.58E+20 1.54E+20 1.49E+20 1.42E+20 1.35E+20 1.27E+20 1.18E+20 1.09E+20 1.00E+20 9.10E+19 8.22E+19 7.37E+19 6.56E+19 5.80E+19 5.09E+19 4.43E+19 
  19.00  0.390  4.90E+22 4.52E+22 4.52E+22 2.50E+20 4.95E+20 7.32E+20 9.57E+20 1.17E+21 1.36E+21 1.53E+21 1.68E+21 1.80E+21 1.90E+21 1.97E+21 2.02E+21 2.04E+21 2.04E+21 2.01E+21 1.97E+21 1.91E+21 1.84E+21 1.75E+21 1.65E+21 1.55E+21 1.44E+21 1.33E+21 1.22E+21 1.11E+21 1.00E+21 8.99E+20 8.01E+20 7.08E+20 6.22E+20 
  20.00  0.390  6.36E+23 5.87E+23 5.87E+23 3.09E+21 6.13E+21 9.07E+21 1.19E+22 1.45E+22 1.69E+22 1.91E+22 2.09E+22 2.25E+22 2.38E+22 2.48E+22 2.54E+22 2.58E+22 2.59E+22 2.57E+22 2.52E+22 2.46E+22 2.37E+22 2.27E+22 2.16E+22 2.03E+22 1.90E+22 1.77E+22 1.63E+22 1.49E+22 1.35E+22 1.22E+22 1.10E+22 9.78E+21 8.66E+21 
  22.50  0.390  8.94E+26 3.57E+26 3.57E+26 1.68E+24 3.34E+24 4.95E+24 6.49E+24 7.95E+24 9.29E+24 1.05E+25 1.16E+25 1.25E+25 1.33E+25 1.39E+25 1.44E+25 1.47E+25 1.49E+25 1.49E+25 1.47E+25 1.45E+25 1.41E+25 1.37E+25 1.31E+25 1.25E+25 1.18E+25 1.11E+25 1.04E+25 9.64E+24 8.89E+24 8.15E+24 7.42E+24 6.72E+24 6.05E+24 
  25.00  0.390  5.44E+29 2.17E+29 2.17E+29 9.26E+26 1.84E+27 2.73E+27 3.59E+27 4.40E+27 5.15E+27 5.85E+27 6.47E+27 7.02E+27 7.49E+27 7.88E+27 8.19E+27 8.41E+27 8.55E+27 8.61E+27 8.59E+27 8.51E+27 8.36E+27 8.15E+27 7.90E+27 7.60E+27 7.26E+27 6.89E+27 6.51E+27 6.10E+27 5.69E+27 5.28E+27 4.87E+27 4.46E+27 4.07E+27 
